my_df <-
structure(list(a_reg = c(2, 0.997042383624757, 0.964899615256588, 
0.976689228318753, 0.931610800856172, 0.933557015535226, 0.994995789157746, 
0.966380857923445, 0.983564540116677, 0.930111028252296, 0.927599808448059, 
1.00023014216894, 0.873770618010521, 0.97645653168662, 0.955888507943694, 
0.885546530526545, 0.982316865996629, 0.971288005742065, 0.95308681114106, 
0.931129306869305, 0.938706820673172, 0.964770156264449, 1.01136502918112, 
0.997169567992163, 0.989677566229961, 0.989337178585127, 0.947087800008585, 
0.994983919000134, 1.01992038160662, 1.0005590721859, 0.949507912371318, 
0.881699093099762, 0.876006902876497, 0.929943805452683, 0.892904520690483, 
0.92518177503404, 0.839402477597539, 0.879093226566317, 0.963495181365165, 
1.00561583781274, 0.982974995289015, 0.99892358754084, 1.0439955185588, 
0.989705153108904, 0.97204942380763, 1.02051755907545, 1.04949913685172, 
0.913761431627417, 0.960588936273866, 0.885186252104516, 0.959340964647126, 
0.982589828910386, 0.986030769597737, 1.07632431798934, 0.986682374939118, 
0.90067087502484, 1.01767834882544, 0.96921047200794, 0.965022364734332, 
0.86572519478234, 1.01573150420747, 1.0183584642943, 1.03029366445031, 
0.880355405634391, 0.966299139646483, 0.96064865933447, 1.06833123333347, 
0.872991008964633, 0.896155525906624, 1.01397374772884, 1.01166387392449, 
0.836946357514646, 1.00669992770064, 0.902257529953823, 0.982671265529783, 
1.00798921888355, 0.968015140404897, 0.924194803334148, 0.861400820524868, 
0.984150022227698, 0.95882176841319, 1.02283036463293, 0.986786228456554, 
0.913045158213545, 0.994545293358481, 0.904456178314993, 0.980302100926305, 
0.972667173512718, 0.929791945051134, 0.888876573136539, 0.940448422155933, 
0.872387743164204, 0.852112720308229, 0.929646108928535, 1.01012741256212, 
0.992053100832295, 0.897746492481161, 0.962312128640713, 1.01424870533314, 
0.961965226544471, 0.98711437211498), a_trim = c(2, 2.00822352640821, 
2.04154677976079, 1.99200736465942, 2.00388959035662, 2.02468080849471, 
2.03881179211134, 1.99927471376494, 2.02652980488211, 2.02715658254355, 
2.02389659666315, 2.01738137761912, 2.0118901265993, 2.00900470339535, 
2.00858823041109, 2.01050379598361, 2.00607312219945, 1.97922562583246, 
2.02167272899621, 1.99245997384428, 2.0015166704875, 2.03705935697313, 
1.98574750967251, 2.00133084992512, 2.06985201610039, 1.98731907041057, 
2.01087848714052, 2.00730735193366, 2.03318030010424, 2.03290966528637, 
2.03592281816117, 1.99328792994473, 2.00119491793442, 2.03476021302639, 
1.99473111142122, 2.02666974355973, 2.03599894915879, 1.99604191531675, 
2.01115786477211, 2.00335083468359, 1.99086106443035, 1.99899757954851, 
1.99394193671834, 2.01774274574112, 2.04714371566054, 2.05664451375161, 
2.00501200973871, 2.0052707695657, 2.0008886701567, 1.97438973038983, 
2.00303677582716, 2.02336056285912, 2.05112345465067, 2.04236506159239, 
2.01303141850244, 2.00032985611096, 2.00683843865229, 2.00496560601675, 
2.01157959448056, 2.00523871998875, 2.0034784533441, 2.03447801189182, 
2.03360781435588, 2.00915588608511, 2.00822630509203, 1.99991284442705, 
2.0224051845706, 2.04755569010205, 2.00320782331883, 2.03593403747547, 
1.986883113732, 2.02297574122676, 2.00521208938059, 2.02781595506225, 
2.02750651322161, 1.99955298895714, 2.01870632410101, 2.01738824051409, 
2.03540466980557, 2.02995886305785, 2.0304178390091, 1.99714341101878, 
2.00846240519645, 2.01511252382738, 2.03038778092391, 1.97059540793755, 
1.99701092682706, 2.01206130060516, 2.03088134747302, 2.05544412380883, 
1.99236604187253, 2.01292766005121, 2.01005892445778, 2.00952724214377, 
2.01842213080863, 1.97740160263464, 2.02877354456841, 2.00193862094444, 
2.02302813137168, 2.02115840022564, 2.0226900560425), a_ccdf = c(2, 
2.11921308081213, 2.25562787922695, 2.00111944866049, 2.04477337554701, 
1.92990978177113, 1.97700995055785, 2.042072692842, 2.04099196186932, 
1.97501586175449, 1.768177812122, 2.08450147106146, 1.54267615379886, 
2.0347210463185, 1.96317952815152, 1.73355747434544, 2.20362973311274, 
2.0621629506886, 2.10165007483337, 1.82911367204642, 1.99581461667756, 
1.92906964685535, 2.13131075044098, 1.96659941399448, 1.81336320201622, 
2.24151390887009, 1.83413820613395, 2.05347424263435, 2.22921488763273, 
2.0264812853341, 1.94489106092224, 1.93326627993956, 1.91906967163086, 
1.88774284478635, 1.76992208098431, 1.84214965373299, 1.92676262385212, 
1.78419859326156, 1.8817610822, 2.03247793672938, 1.89437219495378, 
2.06996060453101, 2.2551102204309, 2.10046112074839, 1.76420015095047, 
2.09863876104029, 2.10249616878306, 1.89224301621105, 1.82091758358542, 
1.76101986465655, 1.9581260185165, 1.90776720785132, 1.97754906953637, 
2.3264247492986, 2.21981978818617, 1.96193312871037, 2.19200879545016, 
1.88553267817574, 2.07581680132506, 1.79104945268467, 2.01228971081946, 
2.15141886734752, 1.89363417949496, 1.79238700710125, 2.02642862560376, 
1.93474909996636, 2.08621358219327, 1.4781026888378, 1.60112469640975, 
2.08716278437028, 1.97312539381246, 1.82663020931505, 2.02538179491557, 
1.93995510485256, 2.06215524663457, 2.19094249691608, 1.98921924800926, 
1.83364863106548, 1.78731582430337, 1.92824993593527, 2.13815610771901, 
2.13166746186403, 2.22717383077794, 1.86158037442985, 2.10768758247391, 
1.95644956088127, 2.08521880358032, 2.05645832910212, 1.87667898646955, 
1.86554035918477, 1.88343020736457, 1.82955122174599, 1.53067961797275, 
1.9534081555903, 2.17604143483737, 1.98572647220412, 1.8556315437858, 
1.97183657350391, 2.15151837258962, 1.9944905800967, 1.97591974628158
), mle_est = c(2, 2.04687644379247, 2.05137903012595, 2.04648350098677, 
2.04319550890123, 2.05125771918881, 2.04353419881207, 2.03657777860611, 
2.04487114212208, 2.04220450298187, 2.05096970059572, 2.04809625302541, 
2.04923742274305, 2.04269852775727, 2.04535566613097, 2.04967886930161, 
2.04632109737001, 2.04709658854274, 2.03928893215889, 2.04386295651788, 
2.04795245376726, 2.04560480557429, 2.04883232605636, 2.04667999473677, 
2.05037984252846, 2.04652703839768, 2.04465803591881, 2.04503588593485, 
2.04580227394285, 2.04481711429615, 2.04927674999961, 2.04761771051509, 
2.0463866787914, 2.04577378884839, 2.04505502588657, 2.05218371595417, 
2.04421435407859, 2.04259973888085, 2.04864360680093, 2.04398028645462, 
2.04820164899752, 2.0490590671712, 2.04764051450454, 2.04913482684001, 
2.04841003142936, 2.05146643572063, 2.04515057079694, 2.04299489821687, 
2.04828390072688, 2.04451852028139, 2.04604919881001, 2.04363217061495, 
2.04429236957103, 2.04885000313, 2.04425968489334, 2.04490543006621, 
2.04527824535074, 2.04940155425987, 2.04637350865425, 2.04940264026469, 
2.05083661209033, 2.04647641206265, 2.05024075224411, 2.04481553203665, 
2.042628629103, 2.04581109246554, 2.04277682785557, 2.04944080632585, 
2.05039953213701, 2.05389944088064, 2.04760366907356, 2.04170080741459, 
2.04747221469472, 2.04599776322991, 2.04905700811426, 2.04720543284739, 
2.04855934675632, 2.04566937783638, 2.03426146125644, 2.0443358817809, 
2.03864206298064, 2.04632910024161, 2.04101955037261, 2.05372412169292, 
2.04189931553241, 2.04268460121785, 2.0516201835452, 2.04117365283869, 
2.04708449769971, 2.04320130188546, 2.04773226709283, 2.04735290426835, 
2.05031029019194, 2.03994698612103, 2.04269563323697, 2.04042364436372, 
2.048796332094, 2.05621339010768, 2.04461465768735, 2.05029678850347, 
2.03977895593439)), .Names = c("a_reg", "a_trim", "a_ccdf", "mle_est"
), row.names = c(NA, 101L), class = "data.frame")
